version https://git-lfs.github.com/spec/v1
oid sha256:119b60081da23ccc85bd0d54dccca2fc259e1216006646cffe734ec2059a0865
size 13727296
